5136906	5252884
5142568	5219868
5167616	5217238
5169726	5210654
5188260	5201808
5207548	5195594
5208824	5191646
5231722	5183804

5135414	5268372
5147846	5210542
5174600	5209152
5181262	5179358

5146734	5264400
5149830	5258196
5151682	5217482
5162856	5203302
5186380	5201066
5208800	5190706
5220492	5185632
5248376	5183246

5134240	5232272
5160938	5205572
5172032	5205298
5175168	5192196
5193370	5186240
5208364	5184852

5153534	5295574
5155512	5219180
5162270	5211316
5177516	5207258
5193688	5206734
5196258	5198842
5196400	5194080
5200046	5187082

5128224	5266830
5147362	5262574
5155716	5198006
5169034	5186656

5128176	5238886
5153066	5238024
5155408	5204124
5185294	5200040
5191528	5192334
5223828	5189078

5137952	5233566
5158466	5229466
5158568	5215710
5162240	5209706
5168678	5202144
5175072	5196856
5221198	5186816

5135300	5276110
5145614	5247358
5146024	5226582
5154280	5223756
5165138	5217210
5165272	5215804
5168218	5206596
5199178	5202584
5210042	5194988
5226770	5191850

5143188	5235016
5144532	5209802
5164108	5188228
5213378	5185264

