# Report: /tmp/32170/wrots//wrots_w1000l100_r10_qapUni.50.n75.1
#  Metah: Weighted RoTS, version 2.1.22M (#DEBUG = 1)
#  bQAP (0.1.22svn)
#  Data File: /home/usuaris/manuel/bin//qapUni.50.n75.1   Size: 50    Averages: Distance=50.07  Flow1=49.36  Flow2=49.26
#  Parameter settings: 
# 	number trials : 10
# 	time limit : 3.40282e+38
# 	seed : 1236855931
# 	num weights: 1000
# 	Taboo Search Length : 100


# Initialization time: 0.001999 s
# start_trial(0) :
# end_trial(0) : Pareto Size = 180, Scalarizations = 1000, Elapsed time = 807.2 s
# Pareto: 0  Size: 180
5402152	7084292
5408532	7046386
5413780	7038066
5418032	6993646
5434474	6975846
5436506	6974850
5437980	6956500
5442062	6954756
5446722	6940540
5448234	6938808
5453026	6931120
5462114	6930186
5464228	6919352
5464628	6909442
5466962	6897142
5469536	6893070
5472378	6874894
5482208	6872738
5488598	6871462
5492136	6860864
5495488	6848750
5500492	6839062
5509462	6833202
5512928	6824554
5515172	6818404
5524454	6814134
5529268	6803178
5530356	6779484
5547580	6763302
5550222	6763198
5552832	6752562
5560752	6743684
5564864	6735208
5569942	6729862
5573266	6701336
5597640	6684170
5597750	6679226
5608294	6667558
5614830	6665898
5622404	6657620
5625920	6649362
5627862	6640114
5628836	6636176
5651388	6626630
5652954	6624862
5659840	6594674
5669352	6587186
5678706	6583868
5679720	6576652
5692442	6564864
5694990	6562100
5698452	6551854
5713480	6511318
5733738	6502178
5744174	6496336
5744912	6491994
5753708	6487090
5754310	6480198
5755042	6478334
5768522	6474766
5775574	6465144
5783614	6460560
5788968	6443956
5800212	6438490
5803550	6421708
5806486	6420964
5826130	6408472
5838756	6388508
5842876	6371420
5856118	6366376
5867662	6345828
5886162	6327962
5894106	6325028
5904474	6307198
5910824	6299196
5921444	6296632
5935822	6283156
5940052	6282520
5940220	6279134
5944658	6276846
5954518	6263560
5967666	6248004
5976802	6238658
6002728	6205144
6025158	6175194
6042068	6167852
6050978	6158188
6068132	6153964
6071272	6137194
6081342	6131710
6098942	6115124
6108860	6110408
6112024	6098964
6124572	6090466
6127316	6086664
6141674	6069846
6149572	6062282
6157272	6049618
6178190	6042008
6183232	6035358
6183246	6034340
6188320	6030992
6202250	6015938
6204958	6007240
6205776	6004156
6225336	5993392
6230066	5982540
6239554	5980200
6247938	5969356
6255764	5967392
6263680	5962108
6270806	5950016
6274060	5947766
6286514	5932722
6319928	5907466
6342872	5890096
6373126	5867460
6392052	5854084
6410778	5824598
6422784	5821248
6423282	5817796
6427158	5816542
6436304	5811686
6450718	5805198
6459700	5799656
6474806	5780744
6481904	5775638
6489880	5775496
6491548	5772728
6502988	5753492
6516860	5745332
6523104	5743334
6529016	5730858
6534682	5726842
6539680	5724886
6547974	5724154
6561422	5717184
6562756	5706378
6587626	5692402
6618372	5671440
6622416	5669184
6631892	5662332
6636734	5658142
6640150	5657316
6662580	5647310
6664668	5642366
6673110	5636794
6675112	5629992
6692152	5625514
6696474	5611568
6725706	5603182
6735360	5592596
6744302	5590550
6755796	5571026
6776536	5567158
6778112	5561416
6784772	5559772
6789362	5555610
6802050	5549194
6834430	5537164
6837422	5532258
6843908	5530404
6844994	5513356
6866350	5500074
6891564	5494112
6905104	5493290
6916332	5492694
6923502	5486154
6930484	5477636
6949940	5476030
6953110	5474408
6957320	5465394
6963140	5464174
6982156	5460156
6983598	5454356
7006934	5447546
7007888	5441092
7044630	5439370
7054190	5423212
7112124	5408812

# start_trial(1) :
# end_trial(1) : Pareto Size = 192, Scalarizations = 1000, Elapsed time = 807.2 s
# Pareto: 1  Size: 192
5392916	7037086
5421920	7018996
5422646	7015886
5424922	6978690
5429414	6949416
5453328	6948424
5454642	6927674
5456268	6924670
5458200	6908240
5465644	6892268
5472836	6880280
5475678	6863812
5481850	6861078
5497324	6853852
5501236	6849624
5502844	6817226
5516112	6795634
5531904	6791826
5535220	6784146
5538692	6778374
5544590	6768038
5553988	6756316
5555214	6751862
5565638	6737940
5569690	6730802
5569792	6729772
5571014	6725528
5574502	6723568
5576714	6720132
5582756	6715728
5588564	6707758
5590732	6697812
5598998	6696064
5604324	6677382
5612074	6675188
5618366	6659198
5620684	6658760
5628476	6645370
5631672	6624746
5647056	6617606
5648644	6616706
5652320	6616476
5657312	6614944
5670670	6600714
5675990	6583590
5678406	6580768
5685974	6580316
5686116	6574194
5688224	6568502
5698094	6565046
5702384	6554480
5703254	6551558
5714208	6548348
5715424	6536244
5716282	6532400
5740916	6505434
5741162	6494396
5751490	6484224
5760202	6479552
5774012	6464192
5775920	6456884
5785002	6446836
5794246	6441082
5800984	6434102
5804092	6433794
5806164	6422322
5817096	6410430
5817998	6403162
5827788	6401226
5849732	6384778
5851658	6376466
5859844	6361990
5865392	6354056
5874292	6344024
5884562	6335284
5896078	6325234
5903942	6308010
5920122	6296444
5924030	6285606
5930688	6284016
5944242	6267840
5946928	6264390
5951246	6262052
5954384	6261918
5958452	6260216
5971072	6243198
5983944	6226670
5996656	6212246
5997712	6206538
6045202	6166254
6061104	6146084
6072504	6144518
6110256	6103558
6112106	6093592
6121928	6089226
6128202	6082304
6135680	6075674
6147738	6067630
6161752	6058954
6165632	6054584
6180964	6044834
6181288	6034718
6198574	6017902
6209192	6009630
6212912	6000162
6225380	5995710
6241024	5984090
6252504	5975302
6260028	5959090
6267258	5956404
6281492	5944906
6295512	5942230
6299950	5934824
6300732	5928316
6304510	5921530
6309476	5920124
6315110	5913382
6324968	5909406
6329644	5905594
6334724	5894900
6353472	5878718
6357964	5874786
6361372	5868032
6377526	5867258
6385668	5851534
6394626	5844040
6421244	5826730
6427096	5818794
6430954	5816440
6442142	5807736
6448044	5801554
6456690	5795114
6463188	5785304
6470774	5780338
6478990	5774274
6489064	5771432
6502430	5764762
6504686	5752680
6522716	5746532
6525640	5741626
6529062	5741602
6535438	5736908
6551404	5720718
6558758	5710118
6577534	5708546
6580468	5706772
6581090	5700500
6597076	5696296
6601638	5693548
6605252	5692618
6605310	5681378
6612710	5677204
6615014	5675338
6626888	5665736
6629206	5660966
6640580	5646272
6667918	5644370
6674496	5641150
6677016	5638688
6683908	5636648
6698702	5615230
6699384	5613904
6712840	5595560
6743748	5588098
6746962	5578548
6761680	5577588
6766432	5567758
6773368	5556146
6800846	5548542
6819882	5544976
6825018	5535384
6837404	5532560
6838390	5527540
6848622	5523648
6855814	5521134
6862920	5511512
6867398	5510890
6870418	5510774
6875778	5506924
6879410	5494452
6898850	5481950
6928684	5474842
6943340	5474316
6950800	5464540
6960136	5450394
7023628	5440482
7044152	5439624
7059900	5438846
7073066	5435194
7074528	5430552
7082314	5418148
7120702	5411858

# start_trial(2) :
# end_trial(2) : Pareto Size = 225, Scalarizations = 1000, Elapsed time = 807.2 s
# Pareto: 2  Size: 225
5410192	7055116
5412870	7051570
5415228	7032436
5418664	7008144
5426142	7001404
5427798	6994628
5429942	6982822
5430060	6977464
5435844	6966604
5441156	6965396
5444918	6956252
5445456	6940710
5453504	6920804
5455848	6911804
5465418	6903772
5471158	6903314
5475682	6888676
5480360	6878194
5483434	6876152
5488604	6867786
5493066	6865552
5493332	6854640
5497640	6852574
5503440	6851412
5503846	6843098
5505336	6839152
5511536	6830646
5514432	6824562
5516200	6810856
5522784	6788676
5531036	6785876
5538414	6784454
5538538	6764370
5550316	6756236
5557784	6746086
5566784	6720754
5579564	6717170
5585804	6702824
5587360	6701984
5601182	6692682
5603050	6683562
5616052	6678736
5624720	6667062
5631606	6656958
5632092	6644122
5636766	6638536
5637378	6623112
5656196	6606746
5661834	6596924
5664860	6594866
5672324	6587898
5684184	6581838
5692552	6564806
5694580	6549950
5706584	6549094
5708858	6543576
5712468	6539940
5714788	6537184
5720878	6533254
5726052	6522474
5730838	6508468
5737224	6502702
5744256	6501724
5747438	6497790
5748470	6487458
5757088	6480048
5757258	6473524
5777024	6461576
5790872	6445152
5793992	6444086
5798454	6440142
5802966	6421020
5813944	6409428
5815980	6406820
5822020	6406350
5825462	6390962
5849974	6379174
5850710	6378582
5855358	6368878
5855912	6364792
5857998	6356204
5869842	6351428
5879518	6342802
5895418	6328766
5897886	6324202
5904752	6322884
5912682	6313482
5926046	6300436
5928352	6296672
5935850	6284148
5938926	6280238
5951128	6254960
5964102	6252482
5966356	6246960
5980978	6237428
5999660	6207652
6009752	6205766
6011046	6202696
6013522	6197298
6047642	6169766
6050950	6165962
6057888	6156238
6058510	6154746
6072212	6140298
6072496	6136782
6073680	6126560
6086076	6115820
6104236	6108268
6118408	6096972
6122212	6092816
6123962	6091776
6135930	6077866
6142172	6070734
6152980	6064676
6162330	6058842
6168580	6032032
6187512	6024766
6195248	6022520
6204522	6011776
6212408	6008734
6224774	6001416
6226254	5997044
6226990	5993414
6231674	5981374
6252822	5972826
6271000	5949226
6288774	5931974
6304344	5925998
6318032	5915728
6318500	5910460
6328826	5902448
6330976	5902114
6334396	5887878
6341046	5885238
6352976	5883932
6354000	5877182
6360276	5875674
6377270	5863076
6386614	5857006
6397606	5850964
6401612	5842336
6410624	5833324
6417910	5832980
6426078	5823814
6430052	5816284
6455980	5794766
6462728	5792372
6477544	5782180
6481852	5778948
6482682	5768184
6498594	5763924
6503300	5763554
6504288	5760098
6505518	5749558
6526012	5742732
6527728	5739350
6540324	5738034
6542914	5731406
6548192	5728396
6550104	5718872
6564430	5709046
6574830	5699498
6588386	5696170
6597688	5695890
6603476	5688898
6610988	5683342
6622360	5675186
6624370	5664360
6629630	5663250
6632420	5660016
6649608	5652772
6656634	5648708
6658030	5643728
6672566	5629476
6673930	5624164
6698208	5619800
6709764	5613050
6710094	5608642
6728196	5597786
6731808	5593644
6740580	5593614
6745820	5588630
6748408	5587120
6759356	5586450
6759530	5584390
6761608	5573032
6761938	5571926
6777400	5564216
6795354	5561350
6800674	5560446
6809514	5548574
6817550	5547646
6820620	5545072
6824052	5540262
6832478	5535272
6838320	5525498
6859892	5518270
6864958	5506220
6870472	5503908
6879630	5502120
6896348	5495710
6908590	5489482
6925520	5485002
6926962	5484316
6935010	5478762
6941854	5478504
6944066	5478102
6947912	5474742
6964906	5474308
6966082	5471912
6980448	5470222
6983928	5469582
6987564	5464356
6987766	5463032
6993184	5458982
7007580	5454334
7013672	5452660
7014704	5452342
7017352	5442450
7030948	5439536
7047588	5438814
7075136	5432140
7075984	5424776
7082330	5423592
7101964	5415616

# start_trial(3) :
# end_trial(3) : Pareto Size = 195, Scalarizations = 1000, Elapsed time = 807.1 s
# Pareto: 3  Size: 195
5393870	7072980
5406652	7021820
5420256	7019174
5425360	6992832
5433628	6964142
5442362	6964042
5443580	6960062
5447026	6953794
5450158	6942234
5452296	6936686
5457392	6925228
5458774	6898852
5476214	6898162
5481694	6886208
5487232	6884340
5489024	6861280
5493280	6854798
5501042	6842664
5508710	6837152
5511284	6820876
5515034	6818938
5518278	6808938
5519796	6806970
5522006	6802812
5527200	6791492
5539320	6781824
5539550	6770722
5545644	6770424
5553348	6749660
5558210	6734962
5573822	6732852
5574116	6717018
5584272	6710072
5588552	6696502
5603034	6689312
5607642	6683574
5608396	6682786
5612406	6676950
5614054	6668108
5616776	6666814
5621670	6665880
5622572	6644538
5640670	6628552
5648388	6614538
5653728	6610600
5663322	6597126
5672176	6595084
5678720	6582208
5695788	6569094
5701940	6542264
5706822	6530034
5714374	6523054
5717154	6500172
5745378	6492516
5747776	6491912
5752894	6488856
5770706	6456716
5794366	6443954
5794390	6434094
5796378	6421292
5814480	6411652
5818196	6409730
5821518	6407580
5825894	6403726
5826422	6402530
5832254	6388066
5848570	6377266
5855172	6374848
5860464	6363878
5872406	6350196
5875314	6349818
5888920	6313130
5910824	6310130
5919754	6297892
5923916	6288868
5937204	6285664
5946296	6263178
5950622	6262834
5958140	6258678
5972134	6244738
5977122	6235830
5978276	6230992
5993482	6222970
6002392	6210572
6033678	6185250
6039430	6180636
6041358	6169386
6048904	6168216
6060346	6149732
6076642	6136146
6079192	6135804
6084348	6131600
6089278	6123332
6106480	6115010
6114226	6105036
6114406	6090804
6144960	6069882
6165330	6055508
6171650	6044146
6178052	6040150
6182436	6038040
6185298	6036514
6192422	6023026
6196614	6018378
6201708	6009330
6215644	6001890
6241728	5984418
6246170	5984318
6249018	5967146
6262422	5965090
6267618	5952968
6275710	5952780
6285374	5941330
6293248	5936858
6319922	5917050
6321916	5906220
6328610	5902062
6333446	5894622
6350704	5879578
6365478	5869170
6380146	5859940
6385940	5857848
6389438	5851050
6390632	5846200
6391374	5841492
6400594	5840616
6410202	5824642
6432888	5815338
6440646	5814812
6448372	5801130
6464294	5786062
6476026	5778576
6479606	5777254
6486452	5773310
6499788	5767884
6506046	5754888
6514742	5740406
6522806	5738590
6534588	5731508
6581720	5693500
6598934	5689812
6602958	5686574
6603140	5682572
6613994	5670774
6615646	5663562
6635202	5661132
6654756	5643014
6677048	5637412
6689188	5629296
6690816	5624356
6691796	5623424
6709118	5618226
6711700	5606784
6717978	5605318
6725030	5604776
6726380	5599790
6738818	5596494
6740640	5594004
6743248	5588536
6745504	5587532
6762188	5569476
6768044	5567904
6780186	5563946
6797090	5563470
6798600	5553606
6802202	5548344
6805986	5538636
6837588	5526592
6851334	5524746
6861202	5515858
6864504	5512196
6891308	5511476
6891812	5507034
6897098	5505394
6904762	5494824
6911994	5493030
6916608	5491714
6929052	5489422
6933618	5482452
6937332	5481416
6942270	5475936
6949362	5466994
6964464	5459994
6981652	5456288
6991424	5455394
6993356	5454618
6997592	5447246
7017272	5440158
7047080	5439162
7052820	5437276
7053862	5434618
7057310	5431600
7058572	5428834
7071372	5423072
7079090	5418390

# start_trial(4) :
# end_trial(4) : Pareto Size = 198, Scalarizations = 1000, Elapsed time = 807.4 s
# Pareto: 4  Size: 198
5401938	7047552
5410572	6984556
5428392	6958252
5436576	6957554
5446100	6954562
5447822	6953728
5451916	6947716
5452828	6945632
5455370	6943280
5455674	6907736
5462184	6903300
5468306	6885726
5477612	6873288
5481388	6871578
5481440	6861776
5495436	6854948
5500788	6833590
5511108	6830886
5517726	6812410
5519952	6807698
5520458	6806260
5525910	6802216
5527346	6800992
5527424	6799890
5533240	6793614
5534782	6789100
5540966	6765982
5552860	6756662
5559328	6734926
5570380	6725264
5575416	6724874
5579066	6713428
5589952	6704982
5592740	6692738
5603992	6686862
5604210	6675254
5614604	6664864
5617148	6662626
5626006	6656808
5629144	6649248
5634046	6648156
5637786	6620870
5649922	6610794
5660426	6608900
5662652	6605770
5662718	6603464
5665236	6584424
5688094	6557048
5702144	6542454
5711116	6536234
5723264	6534948
5724166	6525298
5725444	6525108
5727300	6515066
5730288	6504028
5748860	6489346
5760942	6485184
5765360	6475750
5770124	6474860
5774016	6468782
5776696	6467514
5780368	6458128
5785202	6444624
5786846	6444126
5788098	6442540
5804952	6433662
5807152	6424048
5811548	6411228
5837234	6395824
5840402	6394442
5843408	6376752
5850668	6365614
5866192	6351414
5880090	6346758
5890158	6339602
5903290	6308478
5913710	6299000
5923746	6279244
5942474	6269560
5952654	6260148
5957230	6241296
5973852	6240564
5976792	6239034
5986032	6222638
5990130	6219152
5992504	6217746
6000028	6215276
6015864	6199730
6022546	6193388
6026992	6187016
6035062	6176480
6043270	6170316
6050100	6169730
6053412	6158690
6058914	6154312
6063812	6151776
6068476	6148814
6086656	6124784
6119030	6099346
6122904	6093050
6129870	6082384
6136022	6079440
6136616	6079028
6141022	6075160
6152344	6068264
6162392	6047920
6177686	6033054
6189034	6030096
6197888	6014290
6214738	6006470
6228940	5990348
6235518	5987108
6265144	5967450
6272740	5946304
6285582	5942218
6286798	5940654
6300212	5925754
6315352	5912058
6318832	5909462
6335130	5900466
6339440	5894584
6355086	5880780
6377300	5860070
6383456	5856380
6394786	5846344
6420522	5834186
6424878	5816602
6427996	5810388
6444024	5807724
6453982	5790096
6470546	5783496
6472796	5773018
6502132	5764010
6506112	5761870
6516650	5755778
6525640	5743826
6536682	5740494
6545868	5737326
6549386	5731040
6549520	5724762
6571030	5713768
6571732	5703832
6586434	5689518
6599030	5689198
6614752	5676818
6625638	5674884
6634554	5669298
6635192	5658872
6642552	5656446
6654538	5645338
6663784	5644986
6669548	5642028
6671994	5635958
6689130	5635080
6691046	5629678
6695168	5619546
6702788	5610292
6708858	5600558
6726058	5591616
6734910	5591448
6740914	5585398
6751734	5578522
6765408	5572528
6779538	5569236
6780740	5564098
6786806	5559418
6792158	5557020
6797870	5548200
6804724	5542182
6815518	5540438
6826386	5531082
6833444	5530574
6840972	5528682
6850292	5524836
6858124	5518398
6871594	5517130
6883884	5516872
6889714	5513954
6889734	5497044
6914858	5493334
6915470	5489524
6922186	5485546
6930662	5483558
6941012	5479800
6943160	5467094
6955348	5464802
6970682	5455618
6985780	5450808
6988202	5450186
7009726	5447104
7018710	5445108
7023356	5442350
7029888	5439716
7056256	5438032
7063342	5427628
7071302	5424738
7086978	5422890
7093994	5415174

# start_trial(5) :
# end_trial(5) : Pareto Size = 188, Scalarizations = 1000, Elapsed time = 807.2 s
# Pareto: 5  Size: 188
5399958	7071172
5407570	7063726
5407632	7063352
5408016	7039928
5415016	7036184
5417566	7001038
5423268	6993566
5427558	6967820
5433838	6956010
5443640	6952134
5445598	6941054
5453160	6920006
5467128	6876696
5472346	6861616
5482110	6861508
5490638	6857812
5500766	6845732
5503028	6837786
5505564	6826476
5509824	6825536
5514042	6822552
5516774	6817582
5517448	6811820
5521068	6791410
5533978	6788594
5538830	6767564
5545612	6762514
5565300	6757244
5567850	6740796
5571220	6721178
5583776	6720992
5588612	6718264
5590612	6705418
5599846	6701128
5603042	6694280
5606040	6670720
5614074	6670274
5615264	6669142
5615974	6662812
5621380	6651980
5627836	6628666
5633776	6628134
5640492	6619436
5655548	6611902
5661022	6598764
5669838	6586456
5679866	6575964
5684958	6565062
5700356	6551920
5710994	6525068
5717792	6525060
5724068	6512826
5730666	6511106
5745896	6494852
5752642	6488646
5756816	6483026
5761634	6476082
5764752	6473210
5768992	6454684
5793364	6428058
5794916	6425706
5805828	6418874
5816410	6417142
5819716	6408174
5819996	6395440
5841446	6374840
5846248	6373798
5856338	6361384
5866254	6356150
5879926	6348554
5882572	6343686
5897022	6314702
5914434	6305168
5920346	6301608
5930894	6277158
5947240	6268568
5967048	6234848
5980678	6229110
6014214	6197914
6015958	6195282
6018738	6191860
6052226	6163464
6054020	6144278
6070860	6138180
6087244	6132942
6091612	6113158
6096434	6111324
6102290	6108444
6112666	6107162
6116814	6094262
6129810	6079904
6147686	6076986
6151042	6068156
6155464	6061124
6158606	6056230
6170356	6047694
6175198	6024304
6199284	6016288
6210210	6006680
6229456	5989070
6250226	5980814
6254406	5962360
6255364	5955282
6267382	5949504
6291636	5938464
6293820	5937646
6315158	5924516
6315216	5910522
6319578	5910514
6343210	5895930
6358866	5882036
6364120	5872916
6369160	5867228
6378210	5857160
6387632	5856530
6391262	5848832
6403700	5832088
6418776	5821956
6430018	5813790
6433880	5812496
6436834	5809544
6452618	5800856
6465718	5788958
6467228	5785854
6472944	5778750
6477862	5769434
6485678	5762076
6519158	5744710
6528752	5737212
6537300	5736018
6539386	5730782
6554648	5717290
6559818	5715680
6562708	5711348
6569864	5693928
6598556	5689406
6599262	5682332
6616296	5673666
6628616	5662514
6629824	5655592
6636712	5655110
6646806	5649842
6650184	5648820
6663868	5639876
6664352	5637740
6669040	5636580
6683070	5630276
6699888	5621014
6703056	5619682
6716262	5616528
6722008	5600632
6731300	5598330
6738956	5587288
6752392	5585568
6756870	5582500
6763104	5572986
6772664	5565356
6779160	5563986
6779486	5548152
6807288	5542348
6822082	5536552
6822744	5530202
6825418	5528300
6841654	5527000
6846434	5525120
6861496	5519132
6869180	5505418
6902360	5499586
6912104	5495402
6915050	5489944
6928840	5487024
6938168	5484658
6938992	5484330
6940576	5483314
6944692	5478530
6953616	5478118
6956028	5471682
6956142	5469246
6968520	5458400
6981278	5456654
6992626	5450418
7014038	5448470
7016904	5441258
7035434	5440264
7051294	5439014
7057644	5437628
7058618	5437400
7069252	5421872

# start_trial(6) :
# end_trial(6) : Pareto Size = 219, Scalarizations = 1000, Elapsed time = 807.2 s
# Pareto: 6  Size: 219
5408266	7067240
5412774	7061190
5416296	7020538
5422602	7016020
5423464	7007776
5424238	7003068
5425150	6995992
5426720	6985564
5431808	6973636
5438994	6961668
5445592	6960722
5447088	6944336
5449358	6938280
5454212	6935278
5456296	6924166
5463482	6924126
5465964	6922530
5468570	6915172
5477730	6897890
5480878	6870304
5490216	6847420
5503096	6840226
5506696	6838166
5508082	6835630
5508690	6829918
5513290	6827604
5513804	6820370
5518626	6812378
5526940	6809900
5526982	6809828
5528564	6792078
5532038	6782414
5536852	6780378
5537066	6776334
5547772	6764244
5548174	6753202
5560282	6743396
5567736	6738160
5573662	6724596
5576818	6719906
5581220	6717606
5588116	6711332
5588150	6707266
5592110	6703238
5592978	6702586
5594714	6700008
5596592	6691216
5604854	6686362
5608262	6667828
5612900	6664886
5613350	6664208
5614148	6655960
5618958	6647934
5630148	6645792
5634828	6638488
5637018	6631142
5639958	6629570
5647246	6620372
5652286	6604314
5670836	6602296
5674572	6592652
5677132	6584808
5691002	6569936
5696454	6564084
5697700	6563236
5701772	6546500
5718018	6526912
5735748	6514244
5739496	6513416
5741600	6504652
5745716	6494856
5755352	6487394
5760500	6484524
5760804	6478048
5763658	6473226
5769208	6466138
5775354	6456470
5780362	6456330
5789412	6450502
5793184	6441430
5802276	6439716
5807816	6414296
5820572	6406222
5824718	6402148
5830360	6397186
5849406	6379312
5851772	6379192
5863256	6354804
5870366	6344138
5887596	6327016
5891826	6324978
5894962	6324844
5898118	6313684
5920838	6308658
5935446	6284090
5941982	6275778
5947930	6270074
5954160	6262532
5975654	6244360
5979896	6234556
5981226	6230696
5993138	6223000
6006048	6210698
6006716	6203800
6015642	6198046
6019818	6189150
6039514	6179908
6041360	6178590
6050076	6164294
6062424	6150308
6070844	6143728
6094870	6118768
6106726	6110038
6114478	6105512
6131504	6080240
6135582	6078308
6144642	6070958
6147480	6066526
6150800	6063882
6156008	6047342
6180742	6038098
6187070	6031604
6194276	6017436
6196596	6015866
6204036	6011152
6219088	6003962
6230334	5993436
6243566	5976774
6261544	5966864
6272278	5963756
6277510	5955108
6282020	5946960
6283828	5939440
6292932	5934538
6313102	5920872
6318442	5914558
6331520	5897326
6331886	5896404
6342380	5873532
6378472	5866742
6385702	5856048
6386812	5850692
6417208	5832832
6419218	5831506
6425920	5824916
6432114	5814216
6449412	5811292
6451474	5805748
6459658	5795880
6461220	5786708
6475530	5778588
6492898	5768096
6493358	5756966
6515152	5755284
6526718	5743852
6532144	5727394
6553228	5712472
6564380	5710574
6573536	5706230
6580906	5701186
6583438	5701106
6587392	5698606
6594270	5694696
6600752	5685388
6611838	5684300
6614492	5678754
6617070	5678328
6618714	5677018
6645434	5659816
6645924	5656118
6657228	5644434
6668374	5641576
6678266	5633496
6678682	5630692
6689416	5630030
6704390	5614600
6704550	5607704
6721664	5599458
6730410	5597198
6731550	5596384
6738862	5595420
6743698	5583018
6761396	5579756
6767248	5578266
6770622	5575680
6780510	5562432
6795130	5556336
6799312	5552862
6802898	5542924
6820228	5538030
6820584	5525596
6860826	5523434
6862496	5516516
6872566	5512708
6873810	5511776
6876128	5510040
6885558	5506296
6893314	5503360
6897440	5501504
6904378	5495746
6905466	5492330
6909340	5491172
6910650	5490810
6919904	5487802
6925840	5487076
6928938	5486852
6931038	5480972
6948002	5471538
6963872	5469570
6963946	5468804
6970554	5468556
6972578	5464420
6982850	5454862
6995920	5449448
7001710	5436430
7054168	5429654
7076284	5426248
7086446	5424730
7089072	5415560

# start_trial(7) :
# end_trial(7) : Pareto Size = 200, Scalarizations = 1000, Elapsed time = 807.2 s
# Pareto: 7  Size: 200
5391262	7075058
5402148	7058086
5409878	7052154
5417150	7009058
5426296	7002340
5428118	6995742
5430462	6982156
5434396	6967106
5443278	6964838
5446702	6960832
5447658	6951418
5452354	6928932
5455584	6925646
5466788	6911522
5467414	6908788
5470574	6903372
5472082	6872428
5482374	6867884
5485476	6865414
5494894	6861988
5496330	6850178
5497948	6841998
5503734	6831502
5510126	6826750
5512312	6805418
5516046	6804064
5524848	6792192
5528914	6788386
5531958	6777890
5542670	6760168
5558144	6759082
5561418	6746604
5567962	6733352
5572354	6725578
5582122	6715640
5583786	6714988
5584486	6702738
5592056	6698242
5595022	6687974
5607976	6679356
5611294	6678332
5616184	6662788
5618542	6652368
5622112	6641614
5629510	6640722
5639170	6632974
5639648	6631322
5651260	6610184
5662326	6597450
5671372	6596336
5671450	6587126
5676848	6575110
5682850	6574366
5688440	6569524
5697510	6563338
5702946	6546278
5707360	6542014
5718666	6530592
5733706	6494024
5745868	6489520
5757682	6481152
5762616	6479696
5766518	6475590
5773128	6463610
5774584	6447018
5799960	6427162
5802826	6418908
5817256	6414806
5817536	6404436
5823564	6402344
5833400	6395668
5844630	6370770
5855088	6363002
5867838	6351204
5889196	6315340
5904544	6303674
5917664	6303640
5918390	6302366
5921422	6297218
5927650	6288192
5939274	6282062
5942980	6263260
5952414	6253352
5967740	6252346
5978544	6235404
5991328	6218706
5999682	6217628
6003244	6212990
6003890	6211002
6003978	6210440
6006676	6206576
6019316	6199282
6044228	6173120
6046236	6169428
6046996	6164564
6070488	6140574
6091566	6112110
6109994	6101986
6116576	6087454
6144206	6072516
6146638	6064732
6156794	6060196
6163080	6055666
6169280	6052662
6186266	6036478
6188424	6028880
6190332	6027308
6194712	6025072
6219736	5995182
6232006	5994116
6233194	5984408
6241206	5979724
6258956	5965832
6265062	5961490
6270724	5958526
6278142	5956342
6285258	5948226
6290828	5939446
6291470	5930386
6302186	5926934
6327868	5900094
6333636	5898186
6339558	5892618
6343522	5892260
6352358	5886394
6358440	5882820
6364070	5876272
6367262	5873688
6391046	5855032
6393418	5830530
6415950	5827756
6420634	5820152
6432412	5818642
6435202	5811916
6448258	5805386
6456270	5793972
6465890	5789270
6476168	5783446
6489074	5766386
6494200	5761710
6510226	5761436
6515422	5740762
6542062	5733334
6549880	5729828
6569054	5711816
6592976	5687538
6596872	5681986
6607058	5675830
6617478	5674718
6621338	5673102
6635366	5664006
6638214	5656936
6649590	5651520
6657242	5646188
6662826	5641452
6666636	5639428
6679136	5630654
6692266	5620406
6699236	5609812
6713796	5604554
6721706	5597482
6747302	5584092
6755882	5578336
6756734	5574938
6771372	5567332
6790012	5566052
6791950	5560672
6800120	5560232
6805962	5553572
6809900	5552910
6810438	5551436
6814394	5550828
6817280	5550042
6817894	5548926
6820892	5546208
6823036	5538660
6840112	5527370
6859088	5524664
6864570	5516662
6870206	5513006
6873046	5510530
6889394	5508084
6889438	5506054
6892136	5504246
6893224	5501576
6900738	5500924
6904532	5490984
6923728	5490294
6931818	5485318
6933838	5481066
6938860	5477576
6952076	5465500
6965686	5464424
6995116	5458040
7002538	5455168
7002738	5450760
7016288	5448964
7022700	5445100
7030888	5430370
7073988	5417700

# start_trial(8) :
# end_trial(8) : Pareto Size = 202, Scalarizations = 1000, Elapsed time = 807.2 s
# Pareto: 8  Size: 202
5409892	7015612
5418030	7010436
5418312	6985308
5435214	6970346
5440888	6970234
5441826	6937244
5453374	6913044
5455240	6900254
5472910	6880036
5475106	6878732
5482244	6871178
5482970	6855054
5495614	6843866
5502050	6832252
5514762	6831702
5515500	6828112
5516646	6798526
5532416	6791144
5541752	6780812
5543844	6771312
5544736	6770308
5545490	6755826
5556020	6751532
5563882	6748894
5564096	6740478
5566020	6736436
5571042	6721626
5572230	6713304
5577048	6710126
5597690	6696850
5602304	6687832
5608826	6684670
5609008	6679674
5614454	6676274
5616004	6669008
5619324	6661834
5624008	6652702
5628890	6646814
5633476	6640614
5635432	6634344
5639420	6633352
5640758	6630638
5652392	6616732
5655634	6607378
5663008	6603284
5666500	6600646
5673430	6597090
5676942	6585650
5681472	6575476
5695328	6557572
5702396	6549850
5706650	6545732
5712996	6536532
5715696	6518082
5733626	6517264
5736914	6499202
5750796	6495124
5757564	6475638
5766112	6462736
5774804	6458676
5780658	6455530
5784800	6449154
5784998	6439954
5798608	6429258
5808414	6427184
5816294	6419068
5824058	6404736
5833548	6397010
5839498	6378628
5847206	6370750
5854244	6370688
5861792	6362910
5868238	6353538
5887634	6328772
5895244	6317784
5911570	6311376
5913320	6310894
5915628	6295446
5923594	6291076
5929734	6287294
5942558	6277230
5948824	6264344
5953522	6261520
5966290	6254272
5972990	6243768
5973774	6240638
5974848	6229338
5998402	6221228
6006356	6205028
6012532	6201502
6024638	6191412
6035522	6181462
6035856	6179140
6049698	6169242
6051174	6155910
6066464	6148680
6077978	6145482
6082422	6135116
6084726	6132866
6089970	6126166
6108094	6104044
6109728	6101966
6118866	6086946
6136826	6079656
6167272	6049996
6168338	6043082
6175956	6041262
6186882	6036052
6201046	6013534
6237574	5976560
6249384	5972158
6252712	5966978
6255320	5966336
6266184	5955234
6274234	5952056
6279376	5948304
6293696	5935180
6299154	5920778
6301554	5917034
6316720	5907882
6332662	5902816
6342492	5889992
6363164	5879752
6368902	5869018
6370808	5862656
6383936	5850398
6412628	5841436
6413468	5832960
6420188	5824338
6423764	5816126
6439554	5808654
6441740	5807968
6442542	5801560
6466248	5789702
6472626	5785950
6477744	5785650
6478616	5778244
6487976	5774724
6491846	5760618
6507236	5754778
6513518	5744620
6533358	5735074
6547016	5732786
6547138	5727206
6560352	5720114
6576284	5714254
6577870	5713514
6594608	5693158
6596660	5679450
6613308	5675142
6621100	5674058
6626746	5674054
6634974	5667602
6645380	5662372
6654564	5650446
6660900	5645248
6685560	5628630
6702488	5619074
6709098	5608324
6713518	5602802
6720910	5602600
6728542	5601922
6728578	5599888
6733922	5593570
6736802	5590554
6740974	5585048
6755646	5581894
6760126	5570772
6769904	5568784
6774876	5567164
6789910	5558460
6805438	5551212
6811418	5545364
6815936	5545284
6817260	5545194
6829390	5545106
6830522	5541498
6838656	5524146
6849890	5521772
6856690	5521262
6863468	5520932
6866976	5519244
6870184	5519004
6870980	5511484
6887306	5499402
6909912	5488670
6926464	5487510
6929286	5475996
6953958	5469232
6979216	5467376
6989234	5459542
6996020	5454102
7000078	5453832
7001786	5453482
7006244	5449614
7020138	5449398
7023512	5448398
7026564	5436698
7047206	5436362
7048488	5429256
7067334	5425018
7077316	5424230

# start_trial(9) :
# end_trial(9) : Pareto Size = 201, Scalarizations = 1000, Elapsed time = 807.4 s
# Pareto: 9  Size: 201
5396674	7041270
5406834	7038796
5411286	7034742
5414992	6982490
5433286	6966122
5439054	6964988
5439640	6964836
5440884	6962222
5441264	6918504
5458918	6915260
5461586	6912246
5463182	6909398
5470894	6903364
5472760	6903128
5476640	6902676
5478320	6887482
5479408	6880680
5488318	6872452
5494014	6863820
5499344	6856248
5499644	6840218
5507398	6816882
5522204	6808980
5525698	6786460
5525896	6786360
5536092	6778618
5541588	6776942
5541796	6763548
5551096	6762860
5551898	6760972
5551988	6747004
5563434	6736864
5573632	6720908
5584794	6711820
5589598	6707662
5592946	6706984
5594524	6703684
5596552	6689388
5597924	6688528
5600142	6686288
5603636	6683672
5607084	6675658
5612500	6659996
5615622	6657264
5625760	6647548
5636314	6644632
5642172	6628486
5646778	6619064
5652486	6610292
5656990	6604406
5660700	6600792
5664552	6599400
5680730	6576660
5682216	6574504
5700920	6554304
5707998	6543322
5709246	6535710
5716266	6530126
5720810	6525902
5727754	6510510
5735016	6501214
5745334	6497882
5749040	6489334
5760270	6470056
5767572	6465090
5773602	6464400
5778276	6449698
5784226	6441892
5804950	6427712
5805264	6422932
5822560	6404420
5845166	6381764
5856204	6374498
5858830	6365234
5869292	6356466
5869588	6351120
5874282	6339500
5911668	6309244
5913010	6301044
5915050	6297660
5924090	6297356
5933668	6269262
5943694	6268610
5949466	6265246
5954182	6264608
5954184	6262606
5965438	6242738
5967970	6237710
5983168	6234944
5983620	6230938
5992880	6212058
6010458	6194140
6025322	6182910
6042762	6173178
6048362	6169442
6071186	6147856
6074966	6142036
6075684	6138010
6094288	6128816
6096554	6123478
6110178	6107920
6124966	6089824
6126276	6083722
6127616	6079526
6135124	6076246
6174032	6041498
6174262	6041384
6178268	6035712
6200294	6017980
6209158	6011610
6214360	6006128
6227066	5990750
6230024	5990356
6235190	5989272
6260610	5967642
6261322	5959590
6281184	5939284
6285920	5939058
6295488	5930032
6296972	5926610
6297110	5924930
6305370	5924252
6314780	5910824
6329062	5910684
6334944	5903488
6338582	5900806
6354554	5867370
6376726	5861444
6379056	5857892
6384960	5853704
6402568	5845406
6402678	5828394
6417182	5826492
6432248	5826268
6438298	5812144
6445404	5811954
6455998	5797342
6460642	5793326
6481604	5775674
6494736	5762468
6504408	5748260
6524668	5746674
6537410	5741802
6537896	5736254
6548266	5730892
6554542	5716720
6555004	5714868
6564668	5709602
6582552	5693060
6582808	5689490
6600714	5673668
6617070	5670590
6617126	5664876
6621948	5661536
6652142	5656328
6661408	5643926
6673140	5630548
6685884	5625480
6688102	5614760
6698716	5612320
6705792	5606258
6728560	5604948
6732250	5599652
6734222	5596956
6736660	5596094
6737210	5587896
6759716	5581074
6760092	5579728
6764382	5576988
6764530	5565616
6778170	5559558
6779596	5555488
6792784	5551238
6813178	5550760
6815452	5547594
6821716	5537882
6829184	5534054
6837130	5530532
6839320	5530510
6848302	5529796
6856474	5527514
6862318	5524466
6864232	5509882
6881162	5496412
6914496	5490966
6915110	5487048
6916828	5482364
6917720	5480842
6930526	5480484
6944042	5480282
6949894	5479498
6952416	5463012
6968116	5461156
6990700	5457336
6995714	5456738
7000690	5451382
7014646	5450900
7019358	5444180
7024490	5440050
7035700	5430098
7115742	5404814

# Average Number Scalarizations = 1000, Average Trial Time = 807.2 s
