5135812	5243284
5140074	5229348
5144684	5222706
5145894	5216534
5173608	5214510
5176788	5208510
5195842	5196702
5207490	5192790
5208892	5190844
5218064	5188896

5147518	5265236
5149316	5218898
5171074	5217750
5174754	5211460
5179308	5201654
5199856	5197832
5208262	5186322

5127934	5234548
5161846	5234456
5162030	5215038
5171866	5191222
5186730	5181428

5125664	5184942

5154394	5208210
5177510	5198250
5183752	5194550
5197658	5189582
5201380	5183990
5222100	5181752

5132068	5216458
5152244	5209084
5163024	5205342
5186208	5203138
5205994	5197212
5215552	5193370
5220304	5176884

5145886	5214274
5158668	5207026
5186406	5191022
5197744	5179936

5147460	5265768
5150028	5225772
5156512	5219102
5164804	5216732
5165238	5213334
5166634	5206474
5180040	5192158
5199806	5191918
5218488	5186842

5142982	5284726
5152140	5213308
5166352	5183080
5178724	5180070

5139080	5273722
5151008	5256874
5151474	5227392
5165650	5216376
5172008	5201778
5193266	5188896
5206156	5170988

