
8.075596533325871 2.4070255356042236 5.7900584474997725
8.660944458216182 3.640501439918415 4.449547646497271
0.20816431319298268 4.622754690859642 5.207141132875611
4.881432799420187 9.094731372977776 2.653138500755452
0.22997366985771173 1.1177220504888612 8.981893105113855
1.516436358882681 3.0793373131494355 5.521641101169316
6.081528410951497 4.587438533417284 3.28238204604303
2.3530968030921873 0.790551723688969 7.297223710722109
8.747545403381238 1.7157586196357748 1.033957674001333
0.587994749876203 0.7389118125403558 8.675789804506532

8.588487717331967 3.6978131307633157 2.909288653302772
1.5964887994915449 5.98825094023213 7.869613377381958
5.281236703887404 3.4780096885580587 8.007214670385517
2.1631595210668535 4.739443495657631 1.7922505090810006
9.579301384819974 5.792432363411047 0.805332100590535
2.858913413972806 4.49240941089634 7.243893099504964
0.9746867640001433 7.658936435498515 6.534055419285794
6.476482371060755 2.8124161966756023 2.9953242407751555
5.8451856377290525 6.091909643831176 1.2114682500160918
0.5317308719460216 9.732448290214514 2.1511984436077056

6.5282821401903135 4.629777696002223 4.283535257757999
8.440251145602728 6.678219699307396 0.8172385236404924
8.685017638265858 3.307870627999741 6.028213077429266
8.918113357333493 3.3898036403674174 0.9293221522074475
2.607641181852119 6.313098518029577 7.222042766439738
6.142351394610561 8.84959278039159 2.0837098947804673
3.2250970865541824 6.152283396875086 7.815278829369992
0.37731544764882763 9.022117521700476 7.7938934794496495
4.721204168412649 6.374719127366487 3.9894286449159093
4.610239315209966 2.2923199798311846 9.813639149596831

9.975144295633106 3.41528862187762 5.840388508371634
7.07633621832969 4.443854831157684 6.3946306361222245
1.5450725701160426 2.7181472478127446 8.006052032731485
3.0076613874076075 4.637098756802058 3.2817888067876426
3.4097651220298753 2.1136231027924506 6.487632603533015
4.082948779275862 7.695859178096489 2.7956119838975395
0.2901393023412995 8.322594122652102 5.876859309646966
6.323241427627681 1.2814098923074564 7.246005321502687
7.74140672115409 5.000663885951663 2.5672285232267407
1.5450625501794417 0.3830312233262294 9.946630068541651

8.113182843747358 6.455815967150455 6.538475290077849
4.434984522658629 4.1315064800161645 7.772226697700617
7.8685163591333005 3.173343470907617 7.357906691871562
8.686991427474887 5.31298269821866 5.19279715221906
8.758337308445093 8.988868850362223 3.572961454494614
9.78758588762432 1.4123827655944927 6.427305677038921
7.853441420989912 3.022190539811782 8.417418379305726
0.901706796640461 7.493769462486675 8.430161187001541
0.1747055597195173 8.890663430988944 8.922358124720017
6.163150300484419 7.938401212563832 5.474888116173653

4.104768524680931 9.678917821945836 3.93738426670604
8.579118682450876 0.35169752391560394 1.4493731767636193
4.9652583719732375 1.9435330516410834 4.284620594148203
8.17231096446568 9.769778530979478 1.1638275060136398
6.784984926701287 0.5638079644445808 8.061786891662466
2.718912135243628 6.943274809465109 9.397290557238108
3.41869650212319 9.384374667642259 4.761145502773846
6.454319548281916 4.060443879503394 2.256057566498885
1.1309630636314307 9.726454362756678 4.824054924439186
8.34008115019884 5.7069891876906595 1.2116034419419246

9.301370427932444 2.1432853237244496 9.958841791937324
9.695319492357159 7.2221252286508975 5.930624696677696
2.0113940991604218 9.387384421945871 9.488958888835963
4.0895251515646285 8.269917273689043 5.6896017947792075
5.193575918195671 9.430837249658266 4.328847902798756
9.306081015187335 7.694332464305761 4.014964357685522
3.3403539670375997 2.893774444550223 9.0098457086505
4.535908200774786 8.13026948412421 6.8425582492241075
0.9900878375955129 8.846919229882053 9.590345284259026
9.73980549839088 0.3668870724311297 2.793118580184671

9.730578754907608 6.1584756185786045 7.915767568015905
7.344009007535411 6.392053417149478 6.719702017859021
1.0685570659857606 6.7102429026645245 5.075854647328577
7.925112948747145 3.926695979357859 9.826811636699553
4.186464357058625 8.770482820044384 3.0469806674162343
1.4480632458110483 9.671189869200155 0.39467005160280255
4.936638226752783 6.209570742063124 8.981468056498903
2.1505417539739375 9.201280366129074 1.9133227860469653
2.6234983942176906 7.20701734250342 3.8381770196343252
5.939875435454276 8.401363142382205 1.322388443390929

4.3510208123598755 3.9462134812484058 2.844759593134457
0.792935737907638 6.4660541364494835 3.0049051695398297
1.5849888627033186 2.87955366508792 6.739667823745326
9.943327133705218 1.5018650337708794 0.7434825701623877
3.3093051385505365 9.88333405527131 2.14386622879977
7.046944669377279 1.8348435769055138 8.915052230973973
5.490272289337653 7.197279188094493 1.23306741620951
0.6510164008245374 9.423812130809253 7.921884118107121
1.3029144856969155 4.504176981643349 7.539297818529722
4.810156892044506 8.91432444750432 1.3582474223124437

0.6223027131455723 3.5694532411916766 4.206323126879596
1.3913956384270905 2.8479460274795874 1.3011355608587931
6.830412903586499 9.23146982658223 0.9287020455996275
0.8672396507619968 1.5859908886337628 9.520507331139061
6.431355372602436 1.0015356923806324 5.697775896323792
6.828978930106149 5.770930022029423 0.9644883471342007
4.925997256924397 2.704925186572346 2.465146637711475
1.2223439449845679 5.6895031075085285 3.1273859794431793
7.994669587594613 2.811225370890746 1.3907733489621363
2.127002885257127 2.43114173891515 6.997555157157489

